Ana = 7.333333
Bruno = 6.600000
Claudia = 7.366667
Daniel = 8.833333
Elisa = 6.833333
